circle
250 250 0 200
#circle
#250 250 0 150
circle
250 250 0 100
circle
250 250 0 50
#hermite
#50 250 450 250 50 0 50 0
#hermite
#50 250 450 250 50 -100 50 100
hermite
50 250 450 250 50 -200 50 200
hermite
50 250 450 250 50 -300 50 300
hermite
50 250 450 250 50 -400 50 400
hermite
50 250 450 250 50 -500 50 500
hermite
50 250 450 250 50 -600 50 600
hermite
50 250 450 250 50 -700 50 700
#hermite
#50 250 450 250 50 100 50 -100
hermite
50 250 450 250 50 200 50 -200
hermite
50 250 450 250 50 300 50 -300
hermite
50 250 450 250 50 400 50 -400
hermite
50 250 450 250 50 500 50 -500
hermite
50 250 450 250 50 600 50 -600
hermite
50 250 450 250 50 700 50 -700
#bezier
#200 250 200 116 300 116 300 250
#bezier
#200 250 200 384 300 384 300 250
bezier
250 200 116 200 116 300 250 300
bezier
250 200 384 200 384 300 250 300
display
save
face.png
